learning_rate: 0.08572325342300247
max_depth: 12
min_child_weight: 20.402226590101176
reg_alpha: 0.009843211278636918
reg_lambda: 0.0030834697126317185
